3.973200073242187500e+02
4.002000122070312500e+02
4.030899963378906250e+02
4.059700012207031250e+02
4.088500061035156250e+02
4.117399902343750000e+02
4.146300048828125000e+02
4.175199890136718750e+02
4.203999938964843750e+02
4.232900085449218750e+02
4.261900024414062500e+02
4.290799865722656250e+02
4.319700012207031250e+02
4.348699951171875000e+02
4.377600097656250000e+02
4.406600036621093750e+02
4.435599975585937500e+02
4.464500122070312500e+02
4.493500061035156250e+02
4.522500000000000000e+02
4.551600036621093750e+02
4.580599975585937500e+02
4.609599914550781250e+02
4.638699951171875000e+02
4.667699890136718750e+02
4.696799926757812500e+02
4.725899963378906250e+02
4.755000000000000000e+02
4.784100036621093750e+02
4.813200073242187500e+02
4.842300109863281250e+02
4.871400146484375000e+02
4.900599975585937500e+02
4.929700012207031250e+02
4.958900146484375000e+02
4.987999877929687500e+02
5.017200012207031250e+02
5.046400146484375000e+02
5.075599975585937500e+02
5.104800109863281250e+02
5.134000244140625000e+02
5.163300170898437500e+02
5.192500000000000000e+02
5.221799926757812500e+02
5.250999755859375000e+02
5.280300292968750000e+02
5.309600219726562500e+02
5.338900146484375000e+02
5.368200073242187500e+02
5.397500000000000000e+02
5.426799926757812500e+02
5.456199951171875000e+02
5.485499877929687500e+02
5.514899902343750000e+02
5.544299926757812500e+02
5.573599853515625000e+02
5.602999877929687500e+02
5.632399902343750000e+02
5.661799926757812500e+02
5.691199951171875000e+02
5.720700073242187500e+02
5.750100097656250000e+02
5.779600219726562500e+02
5.809000244140625000e+02
5.838499755859375000e+02
5.867999877929687500e+02
5.897500000000000000e+02
5.927000122070312500e+02
5.956500244140625000e+02
5.985999755859375000e+02
6.015499877929687500e+02
6.045100097656250000e+02
6.074600219726562500e+02
6.104199829101562500e+02
6.133800048828125000e+02
6.163400268554687500e+02
6.192999877929687500e+02
6.222600097656250000e+02
6.252199707031250000e+02
6.281799926757812500e+02
6.311500244140625000e+02
6.341099853515625000e+02
6.370800170898437500e+02
6.400399780273437500e+02
6.430100097656250000e+02
6.459799804687500000e+02
6.489500122070312500e+02
6.519199829101562500e+02
6.548900146484375000e+02
6.578699951171875000e+02
6.608400268554687500e+02
6.638099975585937500e+02
6.667899780273437500e+02
6.697700195312500000e+02
6.727500000000000000e+02
6.757299804687500000e+02
6.787100219726562500e+02
6.816900024414062500e+02
6.846699829101562500e+02
6.876500244140625000e+02
6.906400146484375000e+02
6.936199951171875000e+02
6.966099853515625000e+02
6.995999755859375000e+02
7.025800170898437500e+02
7.055700073242187500e+02
7.085700073242187500e+02
7.115599975585937500e+02
7.145499877929687500e+02
7.175399780273437500e+02
7.205399780273437500e+02
7.235300292968750000e+02
7.265300292968750000e+02
7.295300292968750000e+02
7.325300292968750000e+02
7.355300292968750000e+02
7.385300292968750000e+02
7.415300292968750000e+02
7.445300292968750000e+02
7.475399780273437500e+02
7.505399780273437500e+02
7.535499877929687500e+02
7.565599975585937500e+02
7.595599975585937500e+02
7.625700073242187500e+02
7.655800170898437500e+02
7.685999755859375000e+02
7.716099853515625000e+02
7.746199951171875000e+02
7.776400146484375000e+02
7.806500244140625000e+02
7.836699829101562500e+02
7.866799926757812500e+02
7.897000122070312500e+02
7.927199707031250000e+02
7.957399902343750000e+02
7.987700195312500000e+02
8.017899780273437500e+02
8.048099975585937500e+02
8.078400268554687500e+02
8.108599853515625000e+02
8.138900146484375000e+02
8.169199829101562500e+02
8.199500122070312500e+02
8.229799804687500000e+02
8.260100097656250000e+02
8.290399780273437500e+02
8.320700073242187500e+02
8.351099853515625000e+02
8.381400146484375000e+02
8.411799926757812500e+02
8.442199707031250000e+02
8.472500000000000000e+02
8.502899780273437500e+02
8.533300170898437500e+02
8.563699951171875000e+02
8.594199829101562500e+02
8.624600219726562500e+02
8.655000000000000000e+02
8.685499877929687500e+02
8.715999755859375000e+02
8.746400146484375000e+02
8.776900024414062500e+02
8.807399902343750000e+02
8.837899780273437500e+02
8.868400268554687500e+02
8.899000244140625000e+02
8.929500122070312500e+02
8.960100097656250000e+02
8.990599975585937500e+02
9.021199951171875000e+02
9.051799926757812500e+02
9.082399902343750000e+02
9.112999877929687500e+02
9.143599853515625000e+02
9.174199829101562500e+02
9.204799804687500000e+02
9.235499877929687500e+02
9.266099853515625000e+02
9.296799926757812500e+02
9.327399902343750000e+02
9.358099975585937500e+02
9.388800048828125000e+02
9.419500122070312500e+02
9.450200195312500000e+02
9.480999755859375000e+02
9.511699829101562500e+02
9.542399902343750000e+02
9.573200073242187500e+02
9.604000244140625000e+02
9.634699707031250000e+02
9.665499877929687500e+02
9.696300048828125000e+02
9.727100219726562500e+02
9.757899780273437500e+02
9.788800048828125000e+02
9.819600219726562500e+02
9.850499877929687500e+02
9.881300048828125000e+02
9.912199707031250000e+02
9.943099975585937500e+02
9.974000244140625000e+02
1.000489990234375000e+03
1.003580017089843750e+03
